wmAP: 0.301900
wmAP50: 0.649900
wmAP75: 0.215700
wmAPs: 0.326500
wmAPm: 0.293300
wmAPl: 0.317200
