wmAP: 0.565700
wmAP50: 0.596100
wmAP75: 0.588400
wmAPs: 0.011000
wmAPm: 0.169200
wmAPl: 0.582900
