wmAP: 0.550600
wmAP50: 0.727600
wmAP75: 0.598700
wmAPs: 0.000000
wmAPm: 0.046500
wmAPl: 0.594900
