wmAP: 0.304500
wmAP50: 0.652300
wmAP75: 0.217700
wmAPs: 0.336400
wmAPm: 0.303700
wmAPl: 0.282000
